{
 "cells": [
  {
   "cell_type": "code",
   "execution_count": 382,
   "id": "3efa79b6-f640-49bb-8c74-9104c42b8201",
   "metadata": {},
   "outputs": [],
   "source": [
    "import numpy as np\n",
    "import matplotlib.pyplot as plt\n",
    "from scipy.stats import multivariate_normal\n",
    "import random\n",
    "\n",
    "def read_blocks(datafile):\n",
    "    blocks = []\n",
    "    current_block = []\n",
    "\n",
    "    with open(datafile, 'r') as f:\n",
    "        for line in f:\n",
    "            stripped_line = line.strip()\n",
    "            if stripped_line == \"\":\n",
    "                if current_block:\n",
    "                    blocks.append(np.array(current_block))\n",
    "                    current_block = []\n",
    "            else:\n",
    "                numbers = list(map(float, line.split()))\n",
    "                if len(numbers) == 13:\n",
    "                    current_block.append(numbers)\n",
    "\n",
    "    if current_block:\n",
    "        blocks.append(np.array(current_block))\n",
    "\n",
    "    return blocks\n",
    "\n",
    "\n",
    "def calc_distance(frame, mean):\n",
    "    dist = 0\n",
    "    for i in range(len(mean)):\n",
    "        dist += (frame[i] - mean[i])**2\n",
    "    return dist\n",
    "\n",
    "\n",
    "def calc_mean(cluster):\n",
    "    new_mean = [0 for _ in range(13)]\n",
    "    for frame in cluster:\n",
    "        for mfcc in range(len(frame)):\n",
    "            new_mean[mfcc] += frame[mfcc]\n",
    "    for mfcc in range(len(new_mean)):\n",
    "        new_mean[mfcc] = new_mean[mfcc] / len(cluster)\n",
    "    return new_mean\n",
    "\n",
    "\n",
    "def calc_covariance(cluster, mean):\n",
    "    output = [[0 for _ in range(13)] for _ in range(13)]\n",
    "    if (len(cluster) == 0):\n",
    "        return output\n",
    "\n",
    "    # full covariance\n",
    "    # for i in range(13):\n",
    "    #     for j in range(13):\n",
    "    #         cov = 0\n",
    "    #         for x in range(len(cluster)):\n",
    "    #             cov += (cluster[x][i] - mean[i]) * (cluster[x][j] - mean[j])\n",
    "    #         output[i][j] = cov / len(cluster)\n",
    "\n",
    "    # distinct diagonal matrix\n",
    "    # for i in range(13):\n",
    "    #     cov = 0\n",
    "    #     for x in range(len(cluster)):\n",
    "    #         cov += (cluster[x][i] - mean[i])**2\n",
    "    #     output[i][i] = cov / len(cluster)\n",
    "\n",
    "    # distinct spherical matrix\n",
    "    all_ = 0\n",
    "    for i in range(13):\n",
    "        for frame in cluster:\n",
    "            all_ += (frame[i] - mean[i]) ** 2\n",
    "    \n",
    "    for i in range(13):\n",
    "        output[i][i] = all_ / (13 * len(cluster))\n",
    "        \n",
    "    return output\n",
    "\n",
    "\n",
    "def count(clusters):\n",
    "    total = 0\n",
    "    for c in clusters:\n",
    "        total += len(c)\n",
    "    return total\n",
    "\n",
    "\n",
    "def probability(clusters, total):\n",
    "    probabilities = [0 for _ in range(len(clusters))]\n",
    "    for i in range(len(clusters)):\n",
    "        if (len(clusters[i]) == 0):\n",
    "            continue\n",
    "        probabilities[i] = (len(clusters[i])/total)\n",
    "    return probabilities"
   ]
  },
  {
   "cell_type": "code",
   "execution_count": 415,
   "id": "74bd92c2-b2e3-4010-8739-33a99084bf4a",
   "metadata": {},
   "outputs": [],
   "source": [
    "def calc_tied_covariance(clusters, means):\n",
    "    output = [[0 for _ in range(13)] for _ in range(13)]\n",
    "\n",
    "    # tied full matrix\n",
    "    # count = 0\n",
    "    # for c in range(len(clusters)):\n",
    "    #     cluster = clusters[c]\n",
    "    #     mean = means[c]\n",
    "    #     count += len(cluster)\n",
    "    #     if (len(clusters) == 0):\n",
    "    #         return output\n",
    "    #     for i in range(13):\n",
    "    #         for j in range(13):\n",
    "    #             for frame in cluster:\n",
    "    #                 output[i][j] += (frame[i] - mean[i]) * (frame[j] - mean[j])\n",
    "\n",
    "    # for i in range(13):\n",
    "    #     for j in range(13):\n",
    "    #         output[i][j] = output[i][j] / count\n",
    "\n",
    "    # tied diagonal matrix\n",
    "    # count = 0\n",
    "    # for c in range(len(clusters)):\n",
    "    #     cluster = clusters[c]\n",
    "    #     mean = means[c]\n",
    "    #     count += len(cluster)\n",
    "    #     if len(clusters) == 0:\n",
    "    #         return output\n",
    "    \n",
    "    #     for frame in cluster:\n",
    "    #         for i in range(13):\n",
    "    #             output[i][i] += (frame[i] - mean[i]) ** 2\n",
    "    \n",
    "    # for i in range(13):\n",
    "    #     output[i][i] = output[i][i] / count\n",
    "\n",
    "    # tied spherical\n",
    "    count = 0\n",
    "    all_ = 0\n",
    "    for c in range(len(clusters)):\n",
    "        cluster = clusters[c]\n",
    "        mean = means[c]\n",
    "        count += len(cluster)\n",
    "        if (len(clusters) == 0):\n",
    "            return output\n",
    "    \n",
    "        for frame in cluster:\n",
    "            for i in range(13):\n",
    "                all_ += (frame[i] - mean[i]) ** 2\n",
    "    \n",
    "    for i in range(13):\n",
    "        output[i][i] = all_ / (13 * count)\n",
    "\n",
    "    return output"
   ]
  },
  {
   "cell_type": "code",
   "execution_count": 290,
   "id": "8f0e3018-ee99-45e0-8631-12390658efbc",
   "metadata": {},
   "outputs": [],
   "source": [
    "def k_means(number_clusters, digit_blocks, means):\n",
    "    # do k means on single digit with 3 means / clusters -> phonemes\n",
    "    max_iterations = 105\n",
    "    for i in range(max_iterations):\n",
    "        # reset phoneme clusters\n",
    "        clusters = [[] for _ in range(number_clusters)]\n",
    "    \n",
    "        # calculate min distance from each frame to mean\n",
    "        for block in digit_blocks:\n",
    "            for frame in block:\n",
    "                distances = [0 for _ in range(number_clusters)]\n",
    "                for d in range(len(distances)):\n",
    "                    distances[d] = calc_distance(frame, means[d])\n",
    "    \n",
    "                min_distance = distances[0]\n",
    "                min_dist_index = 0\n",
    "                for d in range(len(distances)):\n",
    "                    if distances[d] < min_distance:\n",
    "                        min_distance = distances[d]\n",
    "                        min_dist_index = d\n",
    "    \n",
    "                clusters[min_dist_index].append(frame)\n",
    "    \n",
    "        # recalculate cluster mean after each iteration\n",
    "        for m in range(len(means)):\n",
    "            if len(clusters[m]) > 0:\n",
    "                means[m] = calc_mean(clusters[m])\n",
    "\n",
    "    return means, clusters"
   ]
  },
  {
   "cell_type": "code",
   "execution_count": 292,
   "id": "53e6c403-5779-4c66-883a-fdc4ec85819c",
   "metadata": {},
   "outputs": [
    {
     "name": "stdout",
     "output_type": "stream",
     "text": [
      "[]\n",
      "[[0.46825736806031526, 0.32637936943111723, 0.2053632625085675], [[3.3407770759308475, -2.3201856273759813, -0.8704317473396773, -1.842543199484498, -1.2995509648265515, -1.280702162355687, -0.7243978069353217, -0.5353288678087091, 0.010927109765895244, -0.48370889256884014, -0.35965514806952825, -0.24073792924123938, -0.15963305946208015], [-1.4349858443268149, -3.19526502134401, 0.6304359072547583, -0.19764261097742503, 0.013610649956293517, -0.20101451881769272, 0.0657664125395721, -0.03747013555059719, 0.22792718285181796, 0.09735432925830172, 0.16995990202441233, 0.06939547033665829, 0.07303626771492329], [1.0697427514810145, -7.476658260325402, 0.8427045996412202, -0.7821971942782631, 0.6650807369795595, -0.09185192083229056, 0.37496127109511934, 0.31978923653400115, 0.32880323687526064, 0.25897095479620375, 0.23412709915102153, 0.32309110122861817, 0.13255506561952496]], [[[2.259756460635748, -0.3707975923201876, -0.5947874364108047, -0.0801176465838664, -0.3244336203682572, -0.11796391188159004, -0.23803924466656856, 0.3319277895539611, -0.0958779891491029, -0.0978756867228109, -0.23380621349015251, 0.10915692581537158, -0.2614883240023791], [-0.3707975923201876, 2.9718605662206525, 0.8642077850549547, 0.7318677467388919, 0.49924598888797134, 0.27732187029409894, 0.08593674605600762, -0.25833789617778463, 0.25416457952222765, 0.5125265534549831, -0.0421167624302131, -0.2932683043396603, -0.03779163845051461], [-0.5947874364108047, 0.8642077850549547, 1.9687069770677892, 1.0556530406338183, 0.12416057101875107, -0.11296617552544207, 0.014288923251206165, -0.13137941604925715, 0.1006803059703989, 0.37430249832270557, 0.16428673312408287, -0.17682251878323801, -0.17521005332092068], [-0.0801176465838664, 0.7318677467388919, 1.0556530406338183, 1.478655749712051, 0.06597133827204246, -0.16634815125557287, -0.0714352447951944, 0.05372142636051726, 0.027552769486651283, 0.24751570006752902, 0.09403753431876472, 0.014306009147465331, -0.13584927999099833], [-0.3244336203682572, 0.49924598888797134, 0.12416057101875107, 0.06597133827204246, 0.5148162921165079, 0.1983690766490286, 0.02737573841578918, -0.04314575299567929, 0.08985682354447216, 0.13677897954973192, -0.01718755588834714, 0.007699158362735395, 0.06233802804083186], [-0.11796391188159004, 0.27732187029409894, -0.11296617552544207, -0.16634815125557287, 0.1983690766490286, 0.6055911245661711, 0.06816133891670022, -0.05121347519399123, 0.0707928917027997, 0.11685925017974728, -0.07513131771616235, -0.03198073363304596, 0.0780602769032389], [-0.23803924466656856, 0.08593674605600762, 0.014288923251206165, -0.0714352447951944, 0.02737573841578918, 0.06816133891670022, 0.34599519231714027, -0.06255318562213844, 0.016190168768664706, 0.019130605390882384, 0.068629651658878, -0.054714495682796294, 0.01373553468295063], [0.3319277895539611, -0.25833789617778463, -0.13137941604925715, 0.05372142636051726, -0.04314575299567929, -0.05121347519399123, -0.06255318562213844, 0.40094527068628694, -0.08410908566548413, -0.06143400944255009, -0.036192986196744235, 0.09958131626861681, -0.06511740134043197], [-0.0958779891491029, 0.25416457952222765, 0.1006803059703989, 0.027552769486651283, 0.08985682354447216, 0.0707928917027997, 0.016190168768664706, -0.08410908566548413, 0.2834960466284045, 0.10255469254769817, -0.016923604529643605, -0.015521414107583032, 0.07741029318281248], [-0.0978756867228109, 0.5125265534549831, 0.37430249832270557, 0.24751570006752902, 0.13677897954973192, 0.11685925017974728, 0.019130605390882384, -0.06143400944255009, 0.10255469254769817, 0.42557244293148905, 0.01815832104037519, -0.09527632099679699, 0.03599309732611511], [-0.23380621349015251, -0.0421167624302131, 0.16428673312408287, 0.09403753431876472, -0.01718755588834714, -0.07513131771616235, 0.068629651658878, -0.036192986196744235, -0.016923604529643605, 0.01815832104037519, 0.2360883472518392, -0.0031946174096111665, 0.0412499204811232], [0.10915692581537158, -0.2932683043396603, -0.17682251878323801, 0.014306009147465331, 0.007699158362735395, -0.03198073363304596, -0.054714495682796294, 0.09958131626861681, -0.015521414107583032, -0.09527632099679699, -0.0031946174096111665, 0.35805419413093137, 0.09982827613298488], [-0.2614883240023791, -0.03779163845051461, -0.17521005332092068, -0.13584927999099833, 0.06233802804083186, 0.0780602769032389, 0.01373553468295063, -0.06511740134043197, 0.07741029318281248, 0.03599309732611511, 0.0412499204811232, 0.09982827613298488, 0.4333703361662]], [[2.9053805513957007, 0.5102815584223626, 0.11578053666570186, -0.10154539854956168, -0.3103906043587248, -0.387386068064336, -0.37928446532373, -0.4577698593733737, -0.020906925744008195, -0.2539623728096556, -0.3048144284753099, -0.13614331583939218, -0.2107812174729362], [0.5102815584223626, 2.2048690911031135, 0.13764466700582637, 0.0837205094865161, -0.13125150256927545, -0.06126945174521647, -0.11722979312055423, -0.29631379763641086, 0.06622149843458319, -0.1184648225387975, -0.12028312832893608, -0.05155495587248823, -0.06880915663306028], [0.11578053666570186, 0.13764466700582637, 0.5826013192756546, 0.21422561219682182, 0.1120140271686661, 0.051961612570730516, 0.011081602500067591, -0.044453373388367, 0.04360447779439675, -0.021351968678305883, -0.05525890603441736, 0.0194593671220234, -0.07078689273382989], [-0.10154539854956168, 0.0837205094865161, 0.21422561219682182, 0.4705787703030378, 0.20637736880998134, 0.177034404433715, 0.013289175584591471, 0.027132727638690842, 0.05550019867343693, 0.007725605362802693, -0.057837476024846256, 0.04297086710294185, -0.07309947511376501], [-0.3103906043587248, -0.13125150256927545, 0.1120140271686661, 0.20637736880998134, 0.4222642532754077, 0.26873903583118397, 0.06735783734877772, 0.14758465934377374, 0.06272904362149911, 0.08154329179667393, -0.04274644483537511, 0.08609456199233484, -0.04279389549384838], [-0.387386068064336, -0.06126945174521647, 0.051961612570730516, 0.177034404433715, 0.26873903583118397, 0.3462730735150995, 0.1394442657893061, 0.15079286118856247, 0.07024742072484429, 0.07257601806092977, -0.021067448685344426, 0.06672380030830165, -0.0160293838845433], [-0.37928446532373, -0.11722979312055423, 0.011081602500067591, 0.013289175584591471, 0.06735783734877772, 0.1394442657893061, 0.2772411580515654, 0.2183759442037129, 0.03536066159097091, 0.06695078175118516, 0.07061060017629311, -0.004848379410058662, 0.06125263251543655], [-0.4577698593733737, -0.29631379763641086, -0.044453373388367, 0.027132727638690842, 0.14758465934377374, 0.15079286118856247, 0.2183759442037129, 0.43653562866712536, 0.0605068906262547, 0.14069063744865556, 0.08515158840377834, 0.028161487152162996, 0.07947593061821814], [-0.020906925744008195, 0.06622149843458319, 0.04360447779439675, 0.05550019867343693, 0.06272904362149911, 0.07024742072484429, 0.03536066159097091, 0.0605068906262547, 0.17991606749000902, 0.05986036417502654, -0.04109252530724783, 0.017226439570043568, 0.01289773461340647], [-0.2539623728096556, -0.1184648225387975, -0.021351968678305883, 0.007725605362802693, 0.08154329179667393, 0.07257601806092977, 0.06695078175118516, 0.14069063744865556, 0.05986036417502654, 0.18997477939067464, 0.10786621261533585, 0.05184164235661555, 0.050393817224043944], [-0.3048144284753099, -0.12028312832893608, -0.05525890603441736, -0.057837476024846256, -0.04274644483537511, -0.021067448685344426, 0.07061060017629311, 0.08515158840377834, -0.04109252530724783, 0.10786621261533585, 0.2527923112358367, 0.06707171965679579, 0.07935767354156616], [-0.13614331583939218, -0.05155495587248823, 0.0194593671220234, 0.04297086710294185, 0.08609456199233484, 0.06672380030830165, -0.004848379410058662, 0.028161487152162996, 0.017226439570043568, 0.05184164235661555, 0.06707171965679579, 0.1785853042736426, 0.05109858783376403], [-0.2107812174729362, -0.06880915663306028, -0.07078689273382989, -0.07309947511376501, -0.04279389549384838, -0.0160293838845433, 0.06125263251543655, 0.07947593061821814, 0.01289773461340647, 0.050393817224043944, 0.07935767354156616, 0.05109858783376403, 0.20470725779457477]], [[3.1764366948466387, -0.7725976833631079, 0.28362954861713974, -0.7776913121839906, 0.12580741291785827, -0.34562938446822844, -0.10171830738316652, -0.16000409878272695, -0.12493226400385932, -0.1823487104118711, -0.1972247811803841, -0.034112158830224185, -0.120468964044572], [-0.7725976833631079, 1.8617635861530826, -0.12174559556598333, 0.4897005183292358, -0.43759213513520345, -0.09717411460278474, -0.29701573232851336, -0.07475492959510319, -0.12340886164886898, -0.08767960833064543, -0.1334881304235694, -0.12640475376379967, -0.15119999997251507], [0.28362954861713974, -0.12174559556598333, 0.8676676566885082, -0.07612011436543846, 0.2862293903615886, -0.04071915552916906, 0.09041694413594231, -0.06424846272184383, -0.006762153565863698, -0.035436061163880754, -0.016548108750579556, 0.0022191184333163225, 0.018072325712927953], [-0.7776913121839906, 0.4897005183292358, -0.07612011436543846, 0.7090029454859964, -0.13028888597799126, 0.11308540366883449, -0.10728886019298564, 0.012226826318101366, -0.054196865754515156, 0.00013278538787777865, -0.021122029082747316, -0.04548504979667415, -0.0401489683569812], [0.12580741291785827, -0.43759213513520345, 0.2862293903615886, -0.13028888597799126, 0.5297879783959869, 0.11481509587565326, 0.1488128299712005, 0.010080964199981498, 0.04409055508406926, 0.028478221580599487, 0.023522709880448918, 0.037375579827577596, 0.06064420262470295], [-0.34562938446822844, -0.09717411460278474, -0.04071915552916906, 0.11308540366883449, 0.11481509587565326, 0.2910659463193637, 0.10329159999836689, 0.033486772434275634, 0.013616519565379761, 0.028687878009728975, 0.016469835434671256, 0.013855174537003924, 0.025675582592120987], [-0.10171830738316652, -0.29701573232851336, 0.09041694413594231, -0.10728886019298564, 0.1488128299712005, 0.10329159999836689, 0.3323832220207588, 0.06251227177977693, 0.07973486407982039, 0.0058172634259502825, 0.06315365440330378, 0.020476292455441955, 0.06113108786511529], [-0.16000409878272695, -0.07475492959510319, -0.06424846272184383, 0.012226826318101366, 0.010080964199981498, 0.033486772434275634, 0.06251227177977693, 0.2131839418193286, 0.04973988279189262, 0.026395790088639275, 0.013277962192211348, -0.0011283285058728673, 0.014382934559696718], [-0.12493226400385932, -0.12340886164886898, -0.006762153565863698, -0.054196865754515156, 0.04409055508406926, 0.013616519565379761, 0.07973486407982039, 0.04973988279189262, 0.1929245962407983, 0.056563545572084324, 0.0319368989510382, 0.022743645772206663, 0.038892649370264085], [-0.1823487104118711, -0.08767960833064543, -0.035436061163880754, 0.00013278538787777865, 0.028478221580599487, 0.028687878009728975, 0.0058172634259502825, 0.026395790088639275, 0.056563545572084324, 0.1583650785851547, 0.06041681050538339, 0.02348840037599976, 0.02361677501026825], [-0.1972247811803841, -0.1334881304235694, -0.016548108750579556, -0.021122029082747316, 0.023522709880448918, 0.016469835434671256, 0.06315365440330378, 0.013277962192211348, 0.0319368989510382, 0.06041681050538339, 0.17127077285823794, 0.05388977732170913, 0.050240240592617696], [-0.034112158830224185, -0.12640475376379967, 0.0022191184333163225, -0.04548504979667415, 0.037375579827577596, 0.013855174537003924, 0.020476292455441955, -0.0011283285058728673, 0.022743645772206663, 0.02348840037599976, 0.05388977732170913, 0.14991399742380462, 0.061260770904934016], [-0.120468964044572, -0.15119999997251507, 0.018072325712927953, -0.0401489683569812, 0.06064420262470295, 0.025675582592120987, 0.06113108786511529, 0.014382934559696718, 0.038892649370264085, 0.02361677501026825, 0.050240240592617696, 0.061260770904934016, 0.1619614054747102]]]]\n",
      "[]\n",
      "[[0.3911354405791983, 0.21494790746953912, 0.3939166519512626], [[1.3690623919424427, -1.4067615513543996, 0.7698468085033862, -0.9750300431756157, -1.1911683934954849, -0.9015654961083509, -0.07307657267189632, -0.8330676870873603, -0.07790660754446929, -0.4848322795993219, -0.09967646418182897, -0.22884169110722352, -0.09901528511512427], [2.2902929560279297, -6.5612262066132585, -1.3690085010891373, -0.5305815547134941, -0.7846797890412816, 0.5858389688330249, 0.7758163583733845, -0.002214616837132892, -0.6234335209457805, -0.11718687860525753, -0.12965842414992815, 0.3093842315274193, -0.07717815799342786], [4.4707896783592815, -2.799473439971975, -1.8560534776823994, -1.9243678581284265, -1.6037431563353155, -0.9265780912383751, -0.15111709076207497, -0.13060420531191297, -0.45858340518379614, -0.6871450054297868, -0.6841677286582968, -0.37943331135929537, -0.29123591601815585]], [[[2.6801254689068075, 0.9996701342431958, -0.12890246827002771, -0.7762763793136416, -0.6220790953860584, -0.33031856718679325, -0.117979840645167, -0.1041845019244345, -0.19759631954890688, 0.010110932328544644, -0.03731241902923415, -0.19257529390570116, -0.0944663196795033], [0.9996701342431958, 2.873250662845231, 0.5094922886744426, -0.5331618462108026, -0.11727826863564546, 0.11498963634597525, 0.12419430103816423, 0.0023579881869758693, 0.14399243102373963, 0.19517011619949554, 0.11221882546076893, -0.024937773753958534, 0.09336692141504563], [-0.12890246827002771, 0.5094922886744426, 0.844061195922616, 0.29986531362505364, -0.10116366368523501, -0.04685915991914154, -0.02631593321458644, -0.22338454319757173, 0.09840654192504758, -0.0434339328336521, 0.06968959485985854, 0.08290245525472646, 0.07788369790596547], [-0.7762763793136416, -0.5331618462108026, 0.29986531362505364, 1.412529441076597, 0.5352569456580092, 0.1201642133763544, -0.06687724741074977, 0.22462787522144426, 0.13121348671908245, -0.06483861595271108, -0.17242009183009718, 0.21487338970801198, -0.05902147742987077], [-0.6220790953860584, -0.11727826863564546, -0.10116366368523501, 0.5352569456580092, 0.8290482182879901, 0.3858845462306133, 0.03244090616473042, 0.2998549503802959, 0.13685025366301276, 0.07636820596014796, -0.1681203474268415, 0.12626608720691743, -0.09464590694426438], [-0.33031856718679325, 0.11498963634597525, -0.04685915991914154, 0.1201642133763544, 0.3858845462306133, 0.5693565366085885, 0.15540187576181977, 0.16883047043453922, 0.053929294727061594, 0.09509145100458999, -0.08072707192943497, 0.08595417327484606, -0.022150688009370697], [-0.117979840645167, 0.12419430103816423, -0.02631593321458644, -0.06687724741074977, 0.03244090616473042, 0.15540187576181977, 0.38231740377066437, 0.17971931716890546, -0.003629827113816689, -0.0293306057002461, 0.01895854793773941, 0.013100904245462818, 0.05347447669912136], [-0.1041845019244345, 0.0023579881869758693, -0.22338454319757173, 0.22462787522144426, 0.2998549503802959, 0.16883047043453922, 0.17971931716890546, 0.7817908905134098, 0.027693656443684593, 0.11528939952470948, -0.1517924523060452, 0.08544975120637037, 0.016077000832462624], [-0.19759631954890688, 0.14399243102373963, 0.09840654192504758, 0.13121348671908245, 0.13685025366301276, 0.053929294727061594, -0.003629827113816689, 0.027693656443684593, 0.3238745548763336, 0.05850108158747389, -0.049320406255110444, -0.023806696069388872, 0.016379306994258505], [0.010110932328544644, 0.19517011619949554, -0.0434339328336521, -0.06483861595271108, 0.07636820596014796, 0.09509145100458999, -0.0293306057002461, 0.11528939952470948, 0.05850108158747389, 0.26775781575711893, 0.05973811214928687, -0.014003493984703798, -0.012905739650617606], [-0.03731241902923415, 0.11221882546076893, 0.06968959485985854, -0.17242009183009718, -0.1681203474268415, -0.08072707192943497, 0.01895854793773941, -0.1517924523060452, -0.049320406255110444, 0.05973811214928687, 0.323943260668169, 0.0040195642446343655, 0.06051150439559949], [-0.19257529390570116, -0.024937773753958534, 0.08290245525472646, 0.21487338970801198, 0.12626608720691743, 0.08595417327484606, 0.013100904245462818, 0.08544975120637037, -0.023806696069388872, -0.014003493984703798, 0.0040195642446343655, 0.27200102051727293, 0.04128480119233246], [-0.0944663196795033, 0.09336692141504563, 0.07788369790596547, -0.05902147742987077, -0.09464590694426438, -0.022150688009370697, 0.05347447669912136, 0.016077000832462624, 0.016379306994258505, -0.012905739650617606, 0.06051150439559949, 0.04128480119233246, 0.25365188999555655]], [[2.256272318604103, -1.060336632107997, -0.0205306093488615, -0.027660641533521078, -0.5099996319654367, -0.046683115165104296, -0.013057947051902252, -0.20159946388005923, -0.11141735366550623, -0.062227783814965576, -0.16585357772166345, -0.06201860294836937, -0.031128414975508962], [-1.060336632107997, 2.4302262999950885, -0.09159941372703385, -0.07316851397687492, 0.22553365916321372, -0.4917733179841531, -0.02729738136216918, 0.22283086633310484, -0.2324421672540834, -0.43781249688048623, -0.161823270202989, -0.22579998363486703, -0.0576908157970732], [-0.0205306093488615, -0.09159941372703385, 1.0842647178807023, 0.0648132447421063, -0.110854663931083, 0.028604909458152538, -0.10977440615703461, -0.1516149842169463, 0.06933340514155292, 0.002996842379108557, -0.07012448297547663, 0.028574999429725703, -0.004751042864375607], [-0.027660641533521078, -0.07316851397687492, 0.0648132447421063, 0.7252738610234863, 0.16569782002045153, -0.005668966405559007, 0.03675079949119055, 0.09243768870370533, 0.03991557398921839, 0.04011242566911715, -0.031238189186470963, -0.0621212223403363, -0.03539826886624425], [-0.5099996319654367, 0.22553365916321372, -0.110854663931083, 0.16569782002045153, 0.6902793411936319, 0.20965602144624923, -0.03239588035082042, 0.16471877884963054, 0.04435425255368934, 0.0641757596419347, 0.048401165898316285, -0.02217420215550004, -0.05290011687265609], [-0.046683115165104296, -0.4917733179841531, 0.028604909458152538, -0.005668966405559007, 0.20965602144624923, 0.7536839340880253, 0.040641061623331885, -0.12105936002575546, 0.03846893314555331, 0.13142099687614012, 0.08728058797056262, 0.07995651757651828, -0.0628496200783903], [-0.013057947051902252, -0.02729738136216918, -0.10977440615703461, 0.03675079949119055, -0.03239588035082042, 0.040641061623331885, 0.38906269763971124, 0.19961796460768808, 0.10230831570343998, 0.002972530283693019, -0.015914450164150818, 0.01922995187708882, 0.023839396102400708], [-0.20159946388005923, 0.22283086633310484, -0.1516149842169463, 0.09243768870370533, 0.16471877884963054, -0.12105936002575546, 0.19961796460768808, 0.6743728640248773, 0.18435963628286717, 0.0035036665358958866, 0.010470175977995459, -0.018571839372406217, 0.08126741356160491], [-0.11141735366550623, -0.2324421672540834, 0.06933340514155292, 0.03991557398921839, 0.04435425255368934, 0.03846893314555331, 0.10230831570343998, 0.18435963628286717, 0.4114549135481529, 0.1124147129641883, 0.06748433404094446, 0.06957963277890442, 0.06963448951298667], [-0.062227783814965576, -0.43781249688048623, 0.002996842379108557, 0.04011242566911715, 0.0641757596419347, 0.13142099687614012, 0.002972530283693019, 0.0035036665358958866, 0.1124147129641883, 0.3553689708047244, 0.10056325779482338, 0.07824345992813359, 0.020024809703796737], [-0.16585357772166345, -0.161823270202989, -0.07012448297547663, -0.031238189186470963, 0.048401165898316285, 0.08728058797056262, -0.015914450164150818, 0.010470175977995459, 0.06748433404094446, 0.10056325779482338, 0.2682378247542906, 0.07790711795772823, 0.05748872997011169], [-0.06201860294836937, -0.22579998363486703, 0.028574999429725703, -0.0621212223403363, -0.02217420215550004, 0.07995651757651828, 0.01922995187708882, -0.018571839372406217, 0.06957963277890442, 0.07824345992813359, 0.07790711795772823, 0.2417574135340209, 0.07342502964892543], [-0.031128414975508962, -0.0576908157970732, -0.004751042864375607, -0.03539826886624425, -0.05290011687265609, -0.0628496200783903, 0.023839396102400708, 0.08126741356160491, 0.06963448951298667, 0.020024809703796737, 0.05748872997011169, 0.07342502964892543, 0.23262258455898302]], [[1.6846709205154546, 0.046435526041638385, -0.3431841621280495, 0.13817019382427917, -0.09352726356854804, 0.08328264648707837, 0.022972369377246133, 0.31781485260215164, 0.04138702132605987, 0.03969740363530202, -0.15880713124891832, -0.05641550735331113, -0.01953163339165121], [0.046435526041638385, 3.2099781062267234, 0.4386252952169829, -0.06273085501632968, 0.6827853633101664, 0.18684736470193536, -0.41787926933685665, 0.1173425216441941, 0.5974214813088304, 0.4697591728385384, -0.21832029065951158, -0.3742152326243221, 0.07984124896604593], [-0.3431841621280495, 0.4386252952169829, 1.2753830122687733, 0.07430774180301543, -0.10695155715434679, -0.15384174585710716, -0.06533257545442976, -0.09063289869302708, 0.2607494507766683, 0.24572761534163376, 0.0780295890110618, -0.09326812363701263, 0.11813194662759852], [0.13817019382427917, -0.06273085501632968, 0.07430774180301543, 0.8245255375029665, -0.05334450793917673, -0.018918533671508055, 0.12683750410453423, 0.2144175348544006, -0.07451408330339403, 0.005484663468545794, 0.01928488676112547, 0.06570725529597861, 0.06823265395962609], [-0.09352726356854804, 0.6827853633101664, -0.10695155715434679, -0.05334450793917673, 0.742300588735386, 0.17311457849748335, -0.04483271537904031, 0.20177231508533158, 0.1064739211011465, 0.02315594794623018, -0.1468294578589161, -0.022642441269951345, -0.049832524352162365], [0.08328264648707837, 0.18684736470193536, -0.15384174585710716, -0.018918533671508055, 0.17311457849748335, 0.5388155406187517, 0.026121732077817806, 0.05677286334602282, -0.02920604018562572, 0.06578420735382169, -0.02931279378696227, -0.029888163454354588, 0.03792110335024162], [0.022972369377246133, -0.41787926933685665, -0.06533257545442976, 0.12683750410453423, -0.04483271537904031, 0.026121732077817806, 0.5196130560528084, -0.007454226104788133, -0.1900202738731467, -0.129494213920389, 0.07870518171137249, 0.09232052839772854, -0.0011622739931858445], [0.31781485260215164, 0.1173425216441941, -0.09063289869302708, 0.2144175348544006, 0.20177231508533158, 0.05677286334602282, -0.007454226104788133, 0.5940675256340932, 0.08142589864506332, -0.05280068245386745, -0.1687536630071084, 0.011959125319319192, 0.04717748281295119], [0.04138702132605987, 0.5974214813088304, 0.2607494507766683, -0.07451408330339403, 0.1064739211011465, -0.02920604018562572, -0.1900202738731467, 0.08142589864506332, 0.5335154124562796, 0.1655920442894781, -0.12274158010704626, -0.14531149070004773, 0.10959729572943383], [0.03969740363530202, 0.4697591728385384, 0.24572761534163376, 0.005484663468545794, 0.02315594794623018, 0.06578420735382169, -0.129494213920389, -0.05280068245386745, 0.1655920442894781, 0.4113386830167915, -0.007978902299131518, -0.1169223971362742, 0.06964188124058404], [-0.15880713124891832, -0.21832029065951158, 0.0780295890110618, 0.01928488676112547, -0.1468294578589161, -0.02931279378696227, 0.07870518171137249, -0.1687536630071084, -0.12274158010704626, -0.007978902299131518, 0.305359769215782, 0.017541308462176528, -0.000517649284883079], [-0.05641550735331113, -0.3742152326243221, -0.09326812363701263, 0.06570725529597861, -0.022642441269951345, -0.029888163454354588, 0.09232052839772854, 0.011959125319319192, -0.14531149070004773, -0.1169223971362742, 0.017541308462176528, 0.3038956892104591, -0.03719883975859398], [-0.01953163339165121, 0.07984124896604593, 0.11813194662759852, 0.06823265395962609, -0.049832524352162365, 0.03792110335024162, -0.0011622739931858445, 0.04717748281295119, 0.10959729572943383, 0.06964188124058404, -0.000517649284883079, -0.03719883975859398, 0.33642607225661064]]]]\n",
      "[]\n",
